(20, 30), (21, 30), (22, 30), (23, 30)
(20, 30), (21, 30), (22, 30), (23, 30)
(20, 30), (21, 30), (22, 30), (23, 30), (24, 30)
(27, 27), (28, 27), (29, 27), (30, 27)
(28, 27), (29, 27), (30, 27), (31, 27), (32, 27)
(28, 27), (29, 27), (30, 27), (31, 27)
(27, 27), (28, 27), (29, 27), (30, 27), (31, 27), (32, 27), (33, 27)
(28, 27), (29, 27), (30, 27), (31, 27)
(27, 27), (28, 27), (29, 27), (30, 27), (31, 27), (32, 27), (33, 27)
(26, 27), (27, 27), (28, 27), (29, 27), (30, 27), (31, 27), (32, 27), (33, 27), (34, 27), (35, 27)
(25, 27), (26, 27), (27, 27), (28, 27), (29, 27), (30, 27), (31, 27), (32, 27), (33, 27), (34, 27), (35, 27), (36, 27), (37, 27)
(23, 27), (24, 27), (25, 27), (26, 27), (27, 27), (28, 27), (29, 27), (30, 27), (31, 27), (32, 27), (33, 27), (34, 27), (35, 27), (36, 27), (37, 27), (38, 27)
(22, 26), (22, 27), (23, 27), (24, 27), (25, 27), (26, 27), (27, 27), (28, 27), (29, 27), (30, 27), (31, 27), (32, 27), (33, 27), (34, 27), (35, 27), (36, 27), (37, 27), (38, 27), (38, 26)
(22, 25), (22, 26), (22, 27), (23, 27), (24, 27), (25, 27), (26, 27), (27, 27), (28, 27), (29, 27), (30, 27), (31, 27), (32, 27), (33, 27), (34, 27), (35, 27), (36, 27), (37, 27), (38, 27), (38, 26), (38, 25), (38, 24)
(22, 24), (22, 25), (22, 26), (22, 27), (23, 27), (24, 27), (25, 27), (26, 27), (27, 27), (28, 27), (29, 27), (30, 27), (31, 27), (32, 27), (33, 27), (34, 27), (35, 27), (36, 27), (37, 27), (38, 27), (38, 26), (38, 25), (38, 24), (38, 23)
(28, 27), (29, 27), (30, 27)
(28, 27), (29, 27), (30, 27), (31, 27), (32, 27)
(28, 27), (29, 27), (30, 27)
(28, 27), (29, 27), (30, 27), (31, 27), (32, 27)
(28, 27), (29, 27), (30, 27), (31, 27), (32, 27), (33, 27), (34, 27)
(27, 27), (28, 27), (29, 27), (30, 27), (31, 27), (32, 27), (33, 27), (34, 27), (35, 27)
(26, 27), (27, 27), (28, 27), (29, 27), (30, 27), (31, 27), (32, 27), (33, 27), (34, 27), (35, 27), (36, 27)
(25, 27), (26, 27), (27, 27), (28, 27), (29, 27), (30, 27), (31, 27), (32, 27), (33, 27), (34, 27), (35, 27), (36, 27), (37, 27)
(24, 27), (25, 27), (26, 27), (27, 27), (28, 27), (29, 27), (30, 27), (31, 27), (32, 27), (33, 27), (34, 27), (35, 27), (36, 27), (37, 27), (37, 26)
(24, 26), (24, 27), (25, 27), (26, 27), (27, 27), (28, 27), (29, 27), (30, 27), (31, 27), (32, 27), (33, 27), (34, 27), (35, 27), (36, 27), (37, 27), (37, 26), (37, 25)
(24, 26), (24, 27), (25, 27), (26, 27), (27, 27), (28, 27), (29, 27), (30, 27), (31, 27), (32, 27), (33, 27), (34, 27), (35, 27), (36, 27), (37, 27), (37, 26), (37, 25), (37, 24), (37, 23)
(24, 25), (24, 26), (24, 27), (25, 27), (26, 27), (27, 27), (28, 27), (29, 27), (30, 27), (31, 27), (32, 27), (33, 27), (34, 27), (35, 27), (36, 27), (37, 27), (37, 26), (37, 25), (37, 24), (37, 23), (37, 22)
(24, 25), (24, 26), (24, 27), (25, 27), (26, 27), (27, 27), (28, 27), (29, 27), (30, 27), (31, 27), (32, 27), (33, 27), (34, 27), (35, 27), (36, 27), (37, 27), (37, 26), (37, 25), (37, 24), (37, 23), (37, 22), (36, 22), (35, 22)
(24, 25), (24, 26), (24, 27), (25, 27), (26, 27), (27, 27), (28, 27), (29, 27), (30, 27), (31, 27), (32, 27), (33, 27), (34, 27), (35, 27), (36, 27), (37, 27), (37, 26), (37, 25), (37, 24), (37, 23), (37, 22), (36, 22), (35, 22), (35, 21)
(27, 26), (27, 27), (27, 28)
(27, 28), (28, 28), (29, 28)
(27, 27), (28, 27), (29, 27)
(27, 28), (27, 29), (27, 30)
(27, 27), (27, 28), (27, 29)
(26, 27), (26, 28), (26, 29)
(28, 26), (28, 27), (28, 28)
(28, 27), (29, 27), (30, 27)
(28, 27), (28, 28), (28, 29)
(26, 27), (27, 27), (28, 27)
(27, 26), (27, 27), (27, 28), (27, 29), (27, 30)
(27, 28), (28, 28), (29, 28), (30, 28), (31, 28)
(27, 27), (28, 27), (29, 27), (30, 27), (31, 27)
(27, 27), (27, 28), (27, 29), (27, 30), (28, 30)
(27, 27), (27, 28), (27, 29), (27, 30), (27, 31)
(26, 27), (26, 28), (26, 29), (27, 29), (27, 30)
(28, 26), (28, 27), (28, 28), (28, 29), (28, 30)
(28, 27), (29, 27), (30, 27), (31, 27), (32, 27)
(28, 25), (28, 26), (28, 27), (28, 28), (28, 29)
(26, 27), (27, 27), (28, 27), (29, 27), (30, 27)
(27, 25), (27, 26), (27, 27), (27, 28), (27, 29), (27, 30), (28, 30)
(27, 28), (28, 28), (29, 28), (30, 28), (31, 28), (32, 28), (33, 28)
(27, 27), (28, 27), (29, 27), (30, 27), (31, 27), (32, 27), (33, 27)
(27, 25), (27, 26), (27, 27), (27, 28), (27, 29), (27, 30), (28, 30)
(27, 26), (27, 27), (27, 28), (27, 29), (27, 30), (27, 31), (27, 32)
(26, 27), (26, 28), (26, 29), (27, 29), (27, 30), (28, 30), (29, 30)
(28, 24), (28, 25), (28, 26), (28, 27), (28, 28), (28, 29), (28, 30)
(28, 27), (29, 27), (30, 27), (31, 27), (32, 27), (33, 27), (34, 27)
(28, 24), (28, 25), (28, 26), (28, 27), (28, 28), (28, 29), (29, 29)
(26, 27), (27, 27), (28, 27), (29, 27), (30, 27), (31, 27), (32, 27)
(27, 25), (27, 26), (27, 27), (27, 28), (27, 29), (27, 30), (28, 30), (29, 30), (30, 30)
(26, 28), (27, 28), (28, 28), (29, 28), (30, 28), (31, 28), (32, 28), (33, 28), (34, 28)
(27, 27), (28, 27), (29, 27), (30, 27), (31, 27), (32, 27), (33, 27), (34, 27), (35, 27)
(27, 24), (27, 25), (27, 26), (27, 27), (27, 28), (27, 29), (27, 30), (28, 30), (29, 30)
(27, 24), (27, 25), (27, 26), (27, 27), (27, 28), (27, 29), (27, 30), (27, 31), (27, 32)
(26, 27), (26, 28), (26, 29), (27, 29), (27, 30), (28, 30), (29, 30), (30, 30), (31, 30)
(28, 23), (28, 24), (28, 25), (28, 26), (28, 27), (28, 28), (28, 29), (28, 30), (28, 31)
(27, 27), (28, 27), (29, 27), (30, 27), (31, 27), (32, 27), (33, 27), (34, 27), (35, 27)
(28, 23), (28, 24), (28, 25), (28, 26), (28, 27), (28, 28), (28, 29), (29, 29), (30, 29)
(26, 27), (27, 27), (28, 27), (29, 27), (30, 27), (31, 27), (32, 27), (33, 27), (34, 27)
(27, 23), (27, 24), (27, 25), (27, 26), (27, 27), (27, 28), (27, 29), (27, 30), (28, 30), (29, 30), (30, 30)
(26, 28), (27, 28), (28, 28), (29, 28), (30, 28), (31, 28), (32, 28), (33, 28), (34, 28), (35, 28), (36, 28)
(26, 27), (27, 27), (28, 27), (29, 27), (30, 27), (31, 27), (32, 27), (33, 27), (34, 27), (35, 27), (36, 27)
(27, 23), (27, 24), (27, 25), (27, 26), (27, 27), (27, 28), (27, 29), (27, 30), (28, 30), (29, 30), (30, 30)
(27, 22), (27, 23), (27, 24), (27, 25), (27, 26), (27, 27), (27, 28), (27, 29), (27, 30), (27, 31), (27, 32)
(26, 27), (26, 28), (26, 29), (27, 29), (27, 30), (28, 30), (29, 30), (30, 30), (31, 30), (32, 30), (33, 30)
(29, 22), (28, 22), (28, 23), (28, 24), (28, 25), (28, 26), (28, 27), (28, 28), (28, 29), (28, 30), (28, 31)
(26, 27), (27, 27), (28, 27), (29, 27), (30, 27), (31, 27), (32, 27), (33, 27), (34, 27), (35, 27), (36, 27)
(29, 22), (28, 22), (28, 23), (28, 24), (28, 25), (28, 26), (28, 27), (28, 28), (28, 29), (29, 29), (30, 29)
(26, 27), (27, 27), (28, 27), (29, 27), (30, 27), (31, 27), (32, 27), (33, 27), (34, 27), (35, 27), (36, 27)
(27, 26), (27, 27), (28, 27), (29, 27)
(27, 28), (28, 28), (29, 28), (30, 28)
(27, 27), (28, 27), (29, 27), (30, 27)
(27, 28), (27, 29), (28, 29), (29, 29)
(27, 27), (27, 28), (28, 28), (29, 28)
(26, 27), (26, 28), (27, 28), (28, 28)
(28, 26), (28, 27), (28, 28), (28, 29)
(28, 27), (29, 27), (30, 27), (31, 27)
(28, 26), (28, 27), (28, 28), (28, 29)
(26, 27), (27, 27), (28, 27), (29, 27)
(27, 26), (27, 27), (28, 27), (29, 27), (30, 27), (31, 27)
(27, 28), (28, 28), (29, 28), (30, 28), (31, 28), (32, 28)
(27, 27), (28, 27), (29, 27), (30, 27), (31, 27), (32, 27)
(27, 28), (27, 29), (28, 29), (29, 29), (30, 29), (31, 29)
(27, 27), (27, 28), (28, 28), (29, 28), (30, 28), (31, 28)
(26, 27), (26, 28), (27, 28), (28, 28), (29, 28), (30, 28)
(28, 25), (28, 26), (28, 27), (28, 28), (28, 29), (28, 30)
(28, 27), (29, 27), (30, 27), (31, 27), (32, 27), (33, 27)
(26, 27), (27, 27), (28, 27), (29, 27), (30, 27), (31, 27)
(27, 26), (27, 27), (28, 27), (29, 27), (30, 27), (31, 27), (32, 27), (33, 27)
(27, 28), (28, 28), (29, 28), (30, 28), (31, 28), (32, 28), (33, 28), (34, 28)
(27, 27), (28, 27), (29, 27), (30, 27), (31, 27), (32, 27), (33, 27), (34, 27)
(27, 28), (27, 29), (28, 29), (29, 29), (30, 29), (31, 29), (32, 29), (33, 29)
(27, 27), (27, 28), (28, 28), (29, 28), (30, 28), (31, 28), (32, 28), (33, 28)
(26, 27), (26, 28), (27, 28), (28, 28), (29, 28), (30, 28), (31, 28), (32, 28)
(27, 26), (27, 27), (28, 27), (29, 27)
(27, 28), (28, 28), (29, 28), (30, 28)
(27, 27), (28, 27), (29, 27), (30, 27)
(27, 28), (27, 29), (28, 29), (29, 29)
(27, 27), (27, 28), (28, 28), (29, 28)
(26, 27), (26, 28), (27, 28), (28, 28)
(27, 26), (27, 27), (28, 27), (29, 27)
(27, 28), (28, 28), (29, 28), (30, 28)
(27, 27), (28, 27), (29, 27), (30, 27)
(27, 27), (27, 28), (27, 29), (28, 29)
(27, 27), (27, 28), (28, 28), (29, 28)
(26, 27), (26, 28), (27, 28), (28, 28)
(28, 26), (28, 27), (28, 28), (28, 29)
(28, 27), (29, 27), (30, 27), (31, 27)
(27, 26), (27, 27), (28, 27), (29, 27)
(27, 28), (28, 28), (29, 28), (30, 28)
(27, 26), (27, 27), (28, 27), (29, 27)
(27, 28), (28, 28), (29, 28), (30, 28)
(27, 27), (28, 27), (29, 27), (30, 27)
(27, 27), (27, 28), (27, 29), (28, 29)
(27, 27), (27, 28), (28, 28), (29, 28)
(26, 27), (26, 28), (27, 28), (28, 28)
(28, 26), (28, 27), (28, 28), (28, 29)
(28, 27), (29, 27), (30, 27), (31, 27)
(28, 27), (28, 28), (29, 28), (30, 28)
(26, 27), (27, 27), (28, 27), (29, 27)
(27, 26), (27, 27), (28, 27), (29, 27), (30, 27), (31, 27)
(27, 28), (28, 28), (29, 28), (30, 28), (31, 28), (32, 28)
(27, 27), (28, 27), (29, 27), (30, 27), (31, 27), (32, 27)
(27, 27), (27, 28), (27, 29), (28, 29), (29, 29), (30, 29)
(27, 27), (27, 28), (28, 28), (29, 28), (30, 28), (31, 28)
(26, 27), (26, 28), (27, 28), (28, 28), (29, 28), (30, 28)
(28, 25), (28, 26), (28, 27), (28, 28), (28, 29), (28, 30)
(28, 27), (29, 27), (30, 27), (31, 27), (32, 27), (33, 27)
(28, 27), (28, 28), (29, 28), (30, 28), (31, 28), (32, 28)
(26, 27), (27, 27), (28, 27), (29, 27), (30, 27), (31, 27)
(27, 26), (27, 27), (28, 27), (29, 27), (30, 27), (31, 27), (32, 27)
(27, 28), (28, 28), (29, 28), (30, 28), (31, 28), (32, 28), (33, 28)
(27, 27), (28, 27), (29, 27), (30, 27), (31, 27), (32, 27), (33, 27)
(27, 27), (27, 28), (27, 29), (28, 29), (29, 29), (30, 29), (31, 29)
(27, 27), (27, 28), (28, 28), (29, 28), (30, 28), (31, 28), (32, 28)
(26, 27), (26, 28), (27, 28), (28, 28), (29, 28), (30, 28), (31, 28)
(28, 25), (28, 26), (28, 27), (28, 28), (28, 29), (28, 30), (28, 31)
(28, 27), (29, 27), (30, 27), (31, 27), (32, 27), (33, 27), (34, 27)
(28, 27), (28, 28), (29, 28), (30, 28), (31, 28), (32, 28), (33, 28)
(26, 27), (27, 27), (28, 27), (29, 27), (30, 27), (31, 27), (32, 27)
(27, 27), (28, 27), (29, 27), (30, 27), (31, 27), (32, 27), (33, 27)
(27, 26), (27, 27), (28, 27), (29, 27)
(27, 28), (28, 28), (29, 28), (30, 28)
(27, 27), (28, 27), (29, 27), (30, 27)
(27, 28), (27, 29), (28, 29), (29, 29)
(27, 27), (27, 28), (28, 28), (29, 28)
(26, 27), (26, 28), (27, 28), (28, 28)
(28, 26), (28, 27), (28, 28), (28, 29)
(28, 27), (29, 27), (30, 27), (31, 27)
(28, 26), (28, 27), (28, 28), (28, 29)
(26, 27), (27, 27), (28, 27), (29, 27)
(27, 26), (27, 27), (28, 27), (29, 27), (30, 27), (31, 27)
(27, 28), (28, 28), (29, 28), (30, 28), (31, 28), (32, 28)
(27, 27), (28, 27), (29, 27), (30, 27), (31, 27), (32, 27)
(27, 28), (27, 29), (28, 29), (29, 29), (30, 29), (31, 29)
(27, 27), (27, 28), (28, 28), (29, 28), (30, 28), (31, 28)
(26, 27), (26, 28), (27, 28), (28, 28), (29, 28), (30, 28)
(28, 25), (28, 26), (28, 27), (28, 28), (28, 29), (28, 30)
(28, 27), (29, 27), (30, 27), (31, 27), (32, 27), (33, 27)
(26, 27), (27, 27), (28, 27), (29, 27), (30, 27), (31, 27)
(27, 26), (27, 27), (28, 27), (29, 27), (30, 27), (31, 27), (32, 27), (33, 27)
(27, 28), (28, 28), (29, 28), (30, 28), (31, 28), (32, 28), (33, 28), (34, 28)
(27, 27), (28, 27), (29, 27), (30, 27), (31, 27), (32, 27), (33, 27), (34, 27)
(27, 27), (27, 28), (27, 29), (28, 29), (29, 29), (30, 29), (31, 29), (32, 29)
(27, 27), (27, 28), (28, 28), (29, 28), (30, 28), (31, 28), (32, 28), (33, 28)
(26, 27), (26, 28), (27, 28), (28, 28), (29, 28), (30, 28), (31, 28), (32, 28)
(28, 24), (28, 25), (28, 26), (28, 27), (28, 28), (28, 29), (28, 30), (28, 31)
(27, 27), (28, 27), (29, 27), (30, 27), (31, 27), (32, 27), (33, 27), (34, 27)
(26, 27), (27, 27), (28, 27), (29, 27), (30, 27), (31, 27), (32, 27), (33, 27)
(27, 26), (27, 27), (28, 27), (29, 27), (30, 27), (31, 27), (32, 27), (33, 27), (34, 27), (35, 27)
(27, 27), (27, 28), (28, 28), (29, 28), (30, 28), (31, 28), (32, 28), (33, 28), (34, 28), (35, 28)
(26, 27), (27, 27), (28, 27), (29, 27), (30, 27), (31, 27), (32, 27), (33, 27), (34, 27), (35, 27)
(27, 27), (27, 28), (27, 29), (28, 29), (29, 29), (30, 29), (31, 29), (32, 29), (33, 29), (33, 28)
(27, 27), (27, 28), (28, 28), (29, 28), (30, 28), (31, 28), (32, 28), (33, 28), (34, 28), (35, 28)
(26, 27), (26, 28), (27, 28), (28, 28), (29, 28), (30, 28), (31, 28), (32, 28), (33, 28), (34, 28)
(28, 22), (28, 23), (28, 24), (28, 25), (28, 26), (28, 27), (28, 28), (28, 29), (28, 30), (28, 31)
(26, 27), (27, 27), (28, 27), (29, 27), (30, 27), (31, 27), (32, 27), (33, 27), (34, 27), (35, 27)
(27, 26), (27, 27), (28, 27), (29, 27), (30, 27), (31, 27), (32, 27), (33, 27), (34, 27), (35, 27), (36, 27)
(27, 27), (27, 28), (28, 28), (29, 28), (30, 28), (31, 28), (32, 28), (33, 28), (34, 28), (35, 28), (36, 28)
(25, 27), (26, 27), (27, 27), (28, 27), (29, 27), (30, 27), (31, 27), (32, 27), (33, 27), (34, 27), (35, 27)
(27, 27), (27, 28), (27, 29), (28, 29), (29, 29), (30, 29), (31, 29), (32, 29), (33, 29), (33, 28), (33, 27)
(26, 27), (26, 28), (27, 28), (28, 28), (29, 28), (30, 28), (31, 28), (32, 28), (33, 28), (34, 28), (35, 28)
(29, 22), (28, 22), (28, 23), (28, 24), (28, 25), (28, 26), (28, 27), (28, 28), (28, 29), (28, 30), (28, 31)
(27, 26), (27, 27), (28, 27), (29, 27), (30, 27), (31, 27), (32, 27), (33, 27), (34, 27), (35, 27), (36, 27)
(27, 26), (27, 27), (28, 27), (29, 27)
(27, 28), (28, 28), (29, 28), (30, 28)
(27, 27), (28, 27), (29, 27), (30, 27)
(27, 28), (27, 29), (28, 29), (29, 29)
(27, 27), (27, 28), (28, 28), (29, 28)
(27, 26), (27, 27), (28, 27), (29, 27), (30, 27), (31, 27)
(27, 28), (28, 28), (29, 28), (30, 28), (31, 28), (32, 28)
(27, 27), (28, 27), (29, 27), (30, 27), (31, 27), (32, 27)
(27, 28), (27, 29), (28, 29), (29, 29), (30, 29), (31, 29)
(27, 27), (27, 28), (28, 28), (29, 28), (30, 28), (31, 28)
(27, 26), (27, 27), (28, 27), (29, 27), (30, 27), (31, 27), (32, 27), (33, 27)
(27, 28), (28, 28), (29, 28), (30, 28), (31, 28), (32, 28), (33, 28), (34, 28)
(27, 27), (28, 27), (29, 27), (30, 27), (31, 27), (32, 27), (33, 27), (34, 27)
(27, 28), (27, 29), (28, 29), (29, 29), (30, 29), (31, 29), (32, 29), (33, 29)
(27, 27), (27, 28), (28, 28), (29, 28), (30, 28), (31, 28), (32, 28), (33, 28)
(27, 26), (27, 27), (28, 27), (29, 27), (30, 27), (31, 27), (32, 27), (33, 27), (34, 27), (35, 27)
(27, 27), (27, 28), (28, 28), (29, 28), (30, 28), (31, 28), (32, 28), (33, 28), (34, 28), (35, 28)
(26, 27), (27, 27), (28, 27), (29, 27), (30, 27), (31, 27), (32, 27), (33, 27), (34, 27), (35, 27)
(27, 27), (27, 28), (27, 29), (28, 29), (29, 29), (30, 29), (31, 29), (32, 29), (33, 29), (34, 29)
(27, 27), (27, 28), (28, 28), (29, 28), (30, 28), (31, 28), (32, 28), (33, 28), (34, 28), (35, 28)
(27, 26), (27, 27), (28, 27), (29, 27), (30, 27), (31, 27), (32, 27), (33, 27), (34, 27), (35, 27), (36, 27)
(27, 26), (27, 27), (27, 28), (28, 28), (29, 28), (30, 28), (31, 28), (32, 28), (33, 28), (34, 28), (35, 28)
(26, 27), (27, 27), (28, 27), (29, 27), (30, 27), (31, 27), (32, 27), (33, 27), (34, 27), (35, 27), (36, 27)
(27, 27), (27, 28), (27, 29), (28, 29), (29, 29), (30, 29), (31, 29), (32, 29), (33, 29), (34, 29), (34, 28)
(26, 27), (27, 27), (28, 27), (29, 27), (30, 27), (31, 27), (32, 27), (33, 27), (34, 27), (35, 27), (36, 27)
(27, 26), (27, 27), (28, 27), (29, 27)
(27, 28), (28, 28), (29, 28), (30, 28)
(27, 27), (28, 27), (29, 27), (30, 27)
(27, 28), (27, 29), (28, 29), (29, 29)
(27, 26), (27, 27), (28, 27), (29, 27)
(27, 28), (28, 28), (29, 28), (30, 28)
(27, 27), (28, 27), (29, 27), (30, 27)
(27, 28), (27, 29), (28, 29), (29, 29)
(27, 26), (27, 27), (28, 27), (29, 27), (30, 27), (31, 27)
(27, 28), (28, 28), (29, 28), (30, 28), (31, 28), (32, 28)
(27, 27), (28, 27), (29, 27), (30, 27), (31, 27), (32, 27)
(27, 28), (27, 29), (28, 29), (29, 29), (30, 29), (31, 29)
(27, 26), (27, 27), (28, 27), (29, 27), (30, 27), (31, 27), (32, 27), (33, 27)
(27, 28), (28, 28), (29, 28), (30, 28), (31, 28), (32, 28), (33, 28), (34, 28)
(27, 27), (28, 27), (29, 27), (30, 27), (31, 27), (32, 27), (33, 27), (34, 27)
(27, 27), (27, 28), (27, 29), (28, 29), (29, 29), (30, 29), (31, 29), (32, 29)
(27, 26), (27, 27), (28, 27), (29, 27), (30, 27), (31, 27), (32, 27), (33, 27), (34, 27), (35, 27)
(26, 28), (27, 28), (28, 28), (29, 28), (30, 28), (31, 28), (32, 28), (33, 28), (34, 28), (35, 28)
(26, 27), (27, 27), (28, 27), (29, 27), (30, 27), (31, 27), (32, 27), (33, 27), (34, 27), (35, 27)
(27, 27), (27, 28), (27, 29), (28, 29), (29, 29), (30, 29), (31, 29), (32, 29), (33, 29), (34, 29)
(27, 25), (27, 26), (27, 27), (28, 27), (29, 27), (30, 27), (31, 27), (32, 27), (33, 27), (34, 27), (35, 27), (36, 27)
(25, 28), (26, 28), (27, 28), (28, 28), (29, 28), (30, 28), (31, 28), (32, 28), (33, 28), (34, 28), (35, 28), (36, 28)
(25, 27), (26, 27), (27, 27), (28, 27), (29, 27), (30, 27), (31, 27), (32, 27), (33, 27), (34, 27), (35, 27), (36, 27)
(27, 27), (27, 28), (27, 29), (28, 29), (29, 29), (30, 29), (31, 29), (32, 29), (33, 29), (34, 29), (34, 28), (34, 27)
(26, 25), (27, 25), (27, 26), (27, 27), (28, 27), (29, 27), (30, 27), (31, 27), (32, 27), (33, 27), (34, 27), (35, 27), (36, 27), (37, 27)
(24, 28), (25, 28), (26, 28), (27, 28), (28, 28), (29, 28), (30, 28), (31, 28), (32, 28), (33, 28), (34, 28), (35, 28), (36, 28), (37, 28)
(24, 27), (25, 27), (26, 27), (27, 27), (28, 27), (29, 27), (30, 27), (31, 27), (32, 27), (33, 27), (34, 27), (35, 27), (36, 27), (37, 27)
(27, 26), (27, 27), (27, 28), (27, 29), (28, 29), (29, 29), (30, 29), (31, 29), (32, 29), (33, 29), (34, 29), (34, 28), (34, 27), (34, 26)
(24, 25), (25, 25), (26, 25), (27, 25), (27, 26), (27, 27), (28, 27), (29, 27), (30, 27), (31, 27), (32, 27), (33, 27), (34, 27), (35, 27), (36, 27), (37, 27)
(24, 27), (24, 28), (25, 28), (26, 28), (27, 28), (28, 28), (29, 28), (30, 28), (31, 28), (32, 28), (33, 28), (34, 28), (35, 28), (36, 28), (37, 28), (37, 27)
(23, 27), (24, 27), (25, 27), (26, 27), (27, 27), (28, 27), (29, 27), (30, 27), (31, 27), (32, 27), (33, 27), (34, 27), (35, 27), (36, 27), (37, 27), (37, 26)
(27, 26), (27, 27), (27, 28), (27, 29), (28, 29), (29, 29), (30, 29), (31, 29), (32, 29), (33, 29), (34, 29), (34, 28), (34, 27), (34, 26), (34, 25), (34, 24)
(24, 25), (25, 25), (26, 25), (27, 25), (27, 26), (27, 27), (28, 27), (29, 27), (30, 27), (31, 27), (32, 27), (33, 27), (34, 27), (35, 27), (36, 27), (37, 27), (38, 27), (39, 27)
(24, 26), (24, 27), (24, 28), (25, 28), (26, 28), (27, 28), (28, 28), (29, 28), (30, 28), (31, 28), (32, 28), (33, 28), (34, 28), (35, 28), (36, 28), (37, 28), (37, 27), (37, 26)
(23, 27), (24, 27), (25, 27), (26, 27), (27, 27), (28, 27), (29, 27), (30, 27), (31, 27), (32, 27), (33, 27), (34, 27), (35, 27), (36, 27), (37, 27), (37, 26), (37, 25), (37, 24)
(27, 25), (27, 26), (27, 27), (27, 28), (27, 29), (28, 29), (29, 29), (30, 29), (31, 29), (32, 29), (33, 29), (34, 29), (34, 28), (34, 27), (34, 26), (34, 25), (34, 24), (34, 23)
(23, 26), (24, 26), (24, 25), (25, 25), (26, 25), (27, 25), (27, 26), (27, 27), (28, 27), (29, 27), (30, 27), (31, 27), (32, 27), (33, 27), (34, 27), (35, 27), (36, 27), (37, 27), (38, 27), (39, 27)
(24, 26), (24, 27), (24, 28), (25, 28), (26, 28), (27, 28), (28, 28), (29, 28), (30, 28), (31, 28), (32, 28), (33, 28), (34, 28), (35, 28), (36, 28), (37, 28), (37, 27), (37, 26), (37, 25), (37, 24)
(23, 27), (24, 27), (25, 27), (26, 27), (27, 27), (28, 27), (29, 27), (30, 27), (31, 27), (32, 27), (33, 27), (34, 27), (35, 27), (36, 27), (37, 27), (37, 26), (37, 25), (37, 24), (37, 23), (37, 22)
(27, 24), (27, 25), (27, 26), (27, 27), (27, 28), (27, 29), (28, 29), (29, 29), (30, 29), (31, 29), (32, 29), (33, 29), (34, 29), (34, 28), (34, 27), (34, 26), (34, 25), (34, 24), (34, 23), (34, 22)
(22, 26), (23, 26), (24, 26), (24, 25), (25, 25), (26, 25), (27, 25), (27, 26), (27, 27), (28, 27), (29, 27), (30, 27), (31, 27), (32, 27), (33, 27), (34, 27), (35, 27), (36, 27), (37, 27), (38, 27), (39, 27), (39, 26)
(24, 26), (24, 27), (24, 28), (25, 28), (26, 28), (27, 28), (28, 28), (29, 28), (30, 28), (31, 28), (32, 28), (33, 28), (34, 28), (35, 28), (36, 28), (37, 28), (37, 27), (37, 26), (37, 25), (37, 24), (37, 23), (36, 23)
(22, 27), (23, 27), (24, 27), (25, 27), (26, 27), (27, 27), (28, 27), (29, 27), (30, 27), (31, 27), (32, 27), (33, 27), (34, 27), (35, 27), (36, 27), (37, 27), (37, 26), (37, 25), (37, 24), (37, 23), (37, 22), (36, 22)
(27, 23), (27, 24), (27, 25), (27, 26), (27, 27), (27, 28), (27, 29), (28, 29), (29, 29), (30, 29), (31, 29), (32, 29), (33, 29), (34, 29), (34, 28), (34, 27), (34, 26), (34, 25), (34, 24), (34, 23), (34, 22), (34, 21)
(22, 26), (23, 26), (24, 26), (24, 25), (25, 25), (26, 25), (27, 25), (27, 26), (27, 27), (28, 27), (29, 27), (30, 27), (31, 27), (32, 27), (33, 27), (34, 27), (35, 27), (36, 27), (37, 27), (38, 27), (39, 27), (39, 26), (40, 26), (40, 25)
(24, 26), (24, 27), (24, 28), (25, 28), (26, 28), (27, 28), (28, 28), (29, 28), (30, 28), (31, 28), (32, 28), (33, 28), (34, 28), (35, 28), (36, 28), (37, 28), (37, 27), (37, 26), (37, 25), (37, 24), (37, 23), (36, 23), (35, 23), (34, 23)
(22, 27), (23, 27), (24, 27), (25, 27), (26, 27), (27, 27), (28, 27), (29, 27), (30, 27), (31, 27), (32, 27), (33, 27), (34, 27), (35, 27), (36, 27), (37, 27), (37, 26), (37, 25), (37, 24), (37, 23), (37, 22), (36, 22), (35, 22), (35, 21)
(27, 22), (27, 23), (27, 24), (27, 25), (27, 26), (27, 27), (27, 28), (27, 29), (28, 29), (29, 29), (30, 29), (31, 29), (32, 29), (33, 29), (34, 29), (34, 28), (34, 27), (34, 26), (34, 25), (34, 24), (34, 23), (34, 22), (34, 21), (34, 20)
(27, 22), (27, 23), (27, 24), (27, 25), (27, 26), (27, 27), (27, 28), (27, 29), (28, 29), (29, 29), (30, 29), (31, 29), (32, 29), (33, 29), (34, 29), (34, 28), (34, 27), (34, 26), (34, 25), (34, 24), (34, 23), (34, 22), (34, 21), (34, 20)
